1
44
18
9
8
2
54
15
10
5
3
49
13
4
1
4
42
16
1
9
5
54
47
5
9
6
40
19
4
8
7
47
21
3
10
8
47
31
3
1
9
42
3
3
10
10
40
31
0
9
11
43
30
9
9
12
47
40
5
9
13
47
46
8
9
14
47
51
0
9
15
44
32
0
1
16
50
39
4
1
17
40
15
4
7
18
42
35
5
7
19
50
16
8
1
20
50
26
0
6
21
44
41
9
6
22
53
52
5
6
23
43
9
1
3
24
48
6
3
6
25
54
52
1
6
26
50
1
0
1
27
46
29
8
10
28
56
48
9
10
29
53
28
3
6
30
54
11
2
9
